Drank at2023-03-31 22:42:04.479808
Eyes relaxed at2023-03-31 22:42:08.841338
exercised at2023-03-31 22:42:12.877104
Drank at2023-03-31 22:42:15.241997
Eyes relaxed at2023-03-31 22:42:18.392661
exercised at2023-03-31 22:42:20.386082
Drank at2023-03-31 22:42:23.906163
Eyes relaxed at2023-03-31 22:42:32.237383
exercised at2023-03-31 22:42:34.369235
Drank at2023-03-31 22:44:37.848487
Eyes relaxed at2023-03-31 22:44:40.861395
Drank at2023-03-31 22:44:45.694121
exercised at2023-03-31 22:44:47.824065
Drank at2023-03-31 22:44:52.645227
Eyes relaxed at2023-03-31 22:44:55.448338
Drank at2023-03-31 22:44:59.783988
exercised at2023-03-31 22:45:06.953475
Drank at2023-03-31 22:45:08.698933
Drank water at 2023-03-31 22:58:34.667238
eye Relaxed at 2023-03-31 22:58:40.158847
Drank water at 2023-03-31 22:58:43.713409
physical activity done at 2023-03-31 22:58:48.182542
